//共计30个格子
//购买每个格子的价格，分为昂贵，一般，便宜,对应过路费的三种价位,按除10计算吧
#3000 2000 1000
//以下分别为left，top,right，bottom，master，cellType
//master为0时无主,cellType为100时无属性
#70 250 170 350 0 0
 170 250 270 350 0 1
 270 250 370 350 0 100
 270 350 370 450 0 2
 270 450 370 550 0 2
 370 450 470 550 0 102
 470 450 570 550 0 1
 570 450 670 550 0 102
 670 450 770 550 0 0
 770 450 870 550 0 102
 770 350 870 450 0 102
 770 250 870 350 0 1
 870 250 970 350 0 1
 970 250 1070 350 0 2
 970 350 1070 450 0 0
 970 450 1070 550 0 1
 970 550 1070 650 0 102
 970 650 1070 750 0 1
 870 650 970 750 0 2
 770 650 870 750 0 102
 670 650 770 750 0 1
 570 650 670 750 0 0
 470 650 570 750 0 102
 370 650 470 750 0 2
 270 650 370 750 0 1
 170 650 270 750 0 0
 70 650 170 750 0 102
 70 550 170 650 0 0
 70 450 170 550 0 2
 70 350 170 450 0 102