//共计30个格子
//购买每个格子的价格，分为昂贵，一般，便宜,对应过路费的三种价位,按除10计算吧
#3000 2000 1000
//以下分别为left，top,right，bottom，master，cellType
//master为0时无主,cellType为100时无属性
#70 100 170 200 0 0
 170 100 270 200 0 0
 270 100 370 200 0 0
 270 200 370 300 0 0
 270 300 370 400 0 1
 370 300 470 400 0 1
 470 300 570 400 0 1
 570 300 670 400 0 1
 670 300 770 400 0 1
 770 300 870 400 0 0
 770 200 870 300 0 1
 770 100 870 200 0 1
 870 100 970 200 0 1
 970 100 1070 200 0 0
 970 200 1070 300 0 0
 970 300 1070 400 0 1
 970 400 1070 500 0 0
 970 500 1070 600 0 1
 870 500 970 600 0 0
 770 500 870 600 0 1
 670 500 770 600 0 1
 570 500 670 600 0 0
 470 500 570 600 0 0
 370 500 470 600 0 100
 270 500 370 600 0 100
 170 500 270 600 0 1
 70 500 170 600 0 100
 70 400 170 500 0 0
 70 300 170 400 0 0
 70 200 170 300 0 1