//共计30个格子
//购买每个格子的价格，分为昂贵，一般，便宜,对应过路费的三种价位,按除10计算吧
#3000 2000 1000
//以下分别为left，top,right，bottom，price，master，cellType
//后两者为100时为空
#150 100 250 200 100 0
 250 100 350 200 100 0
 350 100 450 200 100 0
 350 200 450 300 100 0
 350 300 450 400 100 1
 450 300 550 400 100 1
 550 300 650 400 100 1
 650 300 750 400 100 1
 750 300 850 400 100 1
 850 300 950 400 100 0
 850 200 950 300 100 1
 850 100 950 200 100 1
 950 100 1050 200 100 1
 1050 100 1150 200 100 0
 1050 200 1150 300 100 0
 1050 300 1150 400 100 1
 1050 400 1150 500 100 0
 1050 500 1150 600 100 1
 950 500 1050 600 100 0
 850 500 950 600 100 1
 750 500 850 600 100 1
 650 500 750 600 100 0
 550 500 650 600 100 0
 450 500 550 600 100 100
 350 500 450 600 100 100
 250 500 350 600 100 1
 150 500 250 600 100 100
 150 400 250 500 100 0
 150 300 250 400 100 0
 150 200 250 300 100 1